// paste of run from console

Number of arrays holding file input = 12

Phase 1 : Sorted file chunks 0 and 1:
sort file chunk[0] :
----------------------------------------------------------------------
0,0,16,23,31,40,41,86,90,116,143,163,180,201,209,267,284,311,343,365,390,
397,408,413,424,434,462,481,486,493,507,526,528,543,571,588,616,651,685,
707,714,770,810,825,829,918,937,940,988,990,
----------------------------------------------------------------------

sort file chunk[1] :
----------------------------------------------------------------------
7,12,13,20,22,36,54,76,103,138,145,145,153,164,194,196,201,220,229,265,
298,313,338,340,340,345,419,509,511,517,523,526,528,534,558,577,587,698,
727,736,757,784,816,839,844,895,942,969,977,979,
----------------------------------------------------------------------


Phase 1 : Sorted file chunks 3 and 4:
sort file chunk[3] :
----------------------------------------------------------------------
47,63,81,152,202,205,221,228,266,287,334,336,371,382,394,402,426,442,457,
479,491,492,494,498,524,544,544,559,680,714,750,771,800,803,804,804,808,
816,819,824,829,868,903,922,946,963,967,985,990,993,
----------------------------------------------------------------------

sort file chunk[4] :
----------------------------------------------------------------------
10,69,85,116,168,173,210,214,218,238,238,252,258,268,286,300,311,325,379,
391,422,474,521,529,574,582,585,592,623,687,689,694,704,718,740,792,807,
811,814,817,825,880,909,932,933,948,957,957,971,979,
----------------------------------------------------------------------


Phase 1 : Sorted file chunks 6 and 7:
sort file chunk[6] :
----------------------------------------------------------------------
5,29,31,59,90,114,121,126,177,188,237,244,251,253,258,260,279,361,374,380,
391,403,406,408,541,551,570,573,588,589,613,625,634,653,655,665,711,750,
809,810,828,843,866,880,903,913,922,937,941,970,
----------------------------------------------------------------------

sort file chunk[7] :
----------------------------------------------------------------------
3,38,41,57,120,129,134,166,190,209,233,246,247,274,315,322,322,350,353,
355,408,409,424,433,434,445,451,481,491,521,526,539,547,593,602,603,644,
673,677,696,719,802,816,832,960,966,976,981,994,995,
----------------------------------------------------------------------


Phase 1 : Sorted file chunks 9 and 10:
sort file chunk[9] :
----------------------------------------------------------------------
45,63,67,78,84,122,129,152,217,217,224,229,232,238,254,258,267,273,278,
285,295,306,388,421,437,466,470,481,483,493,524,541,561,563,582,598,654,
656,683,717,717,720,731,744,816,824,838,844,901,934,
----------------------------------------------------------------------

sort file chunk[10] :
----------------------------------------------------------------------
28,40,61,65,67,68,71,109,110,145,148,179,274,334,344,345,427,431,449,468,
483,510,528,533,552,595,622,652,659,727,729,743,757,758,807,812,837,882,
888,912,915,937,952,966,977,979,988,989,991,992,
----------------------------------------------------------------------


Algorithm Elapsed Time: 0 hrs : 0 mins : 0 sec : 5 ms : 8331 ns